                                                    | Single No Top (2D RND) | Single No Kink (2D RND) | Proj No Top (2D RND) | Proj No Kink (2D RND) | Double No Top (2D RND) | Double No Kink (2D RND) | Double Yes Kink (2D RND) | Double Yes Kink w/ skip (2D RND) | Double Yes Kink two cells (2D RND) | Single No Top (2D SA) | Single No Kink (2D SA) | Proj No Top (2D SA) | Proj No Kink (2D SA) | Double No Top (2D SA) | Double No Kink (2D SA) | Double Yes Kink (2D SA) | Double Yes Kink w/ skip (2D SA) | Double Yes Kink two cells (2D SA) | Single No Top (2.5D RND) | Single No Kink (2.5D RND) | Single Yes Kink (2.5D RND) | Proj No Top (2.5D RND) | Proj No Kink (2.5D RND) | Double No Top (2.5D RND) | Double No Kink (2.5D RND) | Double Yes Kink (2.5D RND) | Double Yes Kink w/ skip (2.5D RND) | Double Yes Kink two cells (2.5D RND) | Single No Top (2.5D SA) | Single No Kink (2.5D SA) | Single Yes Kink (2.5D SA) | Proj No Top (2.5D SA) | Proj No Kink (2.5D SA) | Double No Top (2.5D SA) | Double No Kink (2.5D SA) | Double Yes Kink (2.5D SA) | Double Yes Kink w/ skip (2.5D SA) | Double Yes Kink two cells (2.5D SA)
  result_SELECT_10_FermiHubbard2D_cylinder_0_0_0.in |                  12286 |                   12286 |                11920 |                 11921 |                  11988 |                   11988 |                    12164 |                            12164 |                              12066 |                 12286 |                  12286 |               11920 |                11921 |                 11988 |                  11988 |                   12215 |                           12215 |                             12212 |                    12286 |                     12286 |                      12286 |                  11920 |                   11921 |                    11988 |                     11988 |                      12214 |                              12213 |                                11989 |                   12286 |                    12286 |                     12286 |                 11920 |                  11920 |                   11988 |                    11988 |                     12214 |                             12215 |                               12211
  result_SELECT_10_FermiHubbard2D_cylinder_0_0_1.in |                   7653 |                    7654 |                 7466 |                  7740 |                   7570 |                    7572 |                     7646 |                             7647 |                               7587 |                  7653 |                   7653 |                7466 |                 7780 |                  7570 |                   7572 |                    7649 |                            7648 |                              7647 |                     7653 |                      7653 |                       7653 |                   7466 |                    7706 |                     7570 |                      7571 |                       7653 |                               7693 |                                 7575 |                    7653 |                     7653 |                      7653 |                  7466 |                   7785 |                    7570 |                     7570 |                      7650 |                              7650 |                                7642
  result_SELECT_10_FermiHubbard2D_cylinder_0_0_2.in |                   4324 |                    4326 |                 3910 |                  4230 |                   4275 |                    4277 |                     4316 |                             4319 |                               4298 |                  4324 |                   4326 |                3910 |                 4248 |                  4275 |                   4279 |                    4319 |                            4321 |                              4305 |                     4324 |                      4324 |                       4324 |                   3910 |                    4230 |                     4275 |                      4277 |                       4320 |                               4336 |                                 4281 |                    4324 |                     4324 |                      4324 |                  3910 |                   4324 |                    4275 |                     4276 |                      4319 |                              4325 |                                4297
  result_SELECT_10_FermiHubbard2D_cylinder_0_0_3.in |                   2331 |                    2393 |                 2050 |                  2541 |                   2291 |                    2306 |                     2350 |                             2356 |                               2327 |                  2331 |                   2344 |                2050 |                 2510 |                  2291 |                   2293 |                    2329 |                            2338 |                              2322 |                     2331 |                      2331 |                       2333 |                   2050 |                    2580 |                     2291 |                      2297 |                       2324 |                               2356 |                                 2305 |                    2331 |                     2331 |                      2341 |                  2050 |                   2512 |                    2291 |                     2293 |                      2333 |                              2345 |                                2314
  result_SELECT_10_FermiHubbard2D_cylinder_0_0_4.in |                   1373 |                    1460 |                 1042 |                  1349 |                   1342 |                    1364 |                     1406 |                             1393 |                               1379 |                  1373 |                   1383 |                1042 |                 1383 |                  1342 |                   1350 |                    1391 |                            1409 |                              1364 |                     1373 |                      1377 |                       1379 |                   1042 |                    1333 |                     1342 |                      1350 |                       1376 |                               1426 |                                 1359 |                    1373 |                     1374 |                      1374 |                  1042 |                   1321 |                    1342 |                     1342 |                      1370 |                              1378 |                                1355
         result_SELECT_10_Heisenberg1D_OBC_1_0_0.in |                    500 |                     500 |                  432 |                   434 |                    442 |                     442 |                      479 |                              479 |                                474 |                   500 |                    500 |                 432 |                  432 |                   442 |                    442 |                     475 |                             475 |                               474 |                      500 |                       500 |                        500 |                    432 |                     432 |                      442 |                       442 |                        500 |                                500 |                                  443 |                     500 |                      500 |                       500 |                   432 |                    432 |                     442 |                      442 |                       475 |                               475 |                                 475
         result_SELECT_10_Heisenberg1D_OBC_1_0_1.in |                    259 |                     268 |                  216 |                   223 |                    226 |                     229 |                      254 |                              255 |                                251 |                   259 |                    259 |                 216 |                  216 |                   226 |                    226 |                     246 |                             246 |                               246 |                      259 |                       259 |                        259 |                    216 |                     220 |                      226 |                       226 |                        250 |                                255 |                                  242 |                     259 |                      259 |                       260 |                   216 |                    218 |                     226 |                      226 |                       245 |                               245 |                                 245
         result_SELECT_10_Heisenberg1D_OBC_1_0_2.in |                    141 |                     152 |                  109 |                   117 |                    121 |                     125 |                      144 |                              148 |                                141 |                   141 |                    141 |                 109 |                  112 |                   121 |                    121 |                     139 |                             139 |                               138 |                      141 |                       142 |                        145 |                    109 |                     116 |                      121 |                       121 |                        145 |                                149 |                                  132 |                     141 |                      141 |                       141 |                   109 |                    111 |                     121 |                      121 |                       132 |                               132 |                                 131
         result_SELECT_10_Heisenberg1D_OBC_1_0_3.in |                     85 |                     116 |                   56 |                    73 |                     70 |                      88 |                      100 |                              106 |                                 93 |                    85 |                     86 |                  56 |                   61 |                    70 |                     71 |                      82 |                              82 |                                79 |                       85 |                        89 |                         92 |                     56 |                      69 |                       70 |                        75 |                         95 |                                108 |                                   82 |                      85 |                       85 |                        87 |                    56 |                     61 |                      70 |                       70 |                        80 |                                79 |                                  78
         result_SELECT_10_Heisenberg1D_OBC_1_0_4.in |                     60 |                     113 |                   29 |                    69 |                     46 |                      87 |                       91 |                               95 |                                 90 |                    60 |                     61 |                  29 |                   35 |                    46 |                     46 |                      59 |                              60 |                                56 |                       60 |                        74 |                         81 |                     29 |                      49 |                       46 |                        60 |                         67 |                                 79 |                                   68 |                      60 |                       60 |                        62 |                    29 |                     35 |                      46 |                       47 |                        56 |                                59 |                                  55
         result_SELECT_10_Heisenberg1D_OBC_1_0_5.in |                     60 |                     135 |                   16 |                    70 |                     42 |                      93 |                      103 |                              101 |                                 97 |                    60 |                     62 |                  16 |                   27 |                    42 |                     44 |                      55 |                              53 |                                52 |                       60 |                        79 |                         81 |                     16 |                      47 |                       42 |                        64 |                         72 |                                 79 |                                   68 |                      60 |                       60 |                        65 |                    16 |                     25 |                      42 |                       42 |                        55 |                                57 |                                  51
result_SELECT_10_Heisenberg2D_cylinder_0.5_0.5_0.in |                   5022 |                    5022 |                 4440 |                  4442 |                   4458 |                    4458 |                     4746 |                             4746 |                               4463 |                  5022 |                   5022 |                4440 |                 4441 |                  4458 |                   4458 |                    4767 |                            4767 |                              4767 |                     5022 |                      5022 |                       5022 |                   4440 |                    4442 |                     4458 |                      4458 |                       5023 |                               5024 |                                 4587 |                    5022 |                     5022 |                      5022 |                  4440 |                   4440 |                    4458 |                     4458 |                      4746 |                              4747 |                                4748
result_SELECT_10_Heisenberg2D_cylinder_0.5_0.5_1.in |                   2527 |                    2532 |                 2221 |                  2224 |                   2239 |                    2240 |                     2394 |                             2409 |                               2385 |                  2527 |                   2533 |                2221 |                 2224 |                  2239 |                   2245 |                    2531 |                            2532 |                              2533 |                     2527 |                      2527 |                       2529 |                   2221 |                    2224 |                     2239 |                      2241 |                       2524 |                               2549 |                                 2244 |                    2527 |                     2527 |                      2528 |                  2221 |                   2223 |                    2239 |                     2239 |                      2388 |                              2399 |                                2386
result_SELECT_10_Heisenberg2D_cylinder_0.5_0.5_2.in |                   1283 |                    1354 |                 1112 |                  1120 |                   1132 |                    1139 |                     1262 |                             1302 |                               1222 |                  1283 |                   1285 |                1112 |                 1115 |                  1132 |                   1132 |                    1263 |                            1263 |                              1262 |                     1283 |                      1283 |                       1285 |                   1112 |                    1117 |                     1132 |                      1133 |                       1221 |                               1349 |                                 1173 |                    1283 |                     1283 |                      1283 |                  1112 |                   1114 |                    1132 |                     1133 |                      1216 |                              1231 |                                1213
result_SELECT_10_Heisenberg2D_cylinder_0.5_0.5_3.in |                    662 |                     889 |                  557 |                   574 |                    579 |                     641 |                      731 |                              756 |                                693 |                   662 |                    663 |                 557 |                  563 |                   579 |                    581 |                     656 |                             659 |                               656 |                      662 |                       668 |                        679 |                    557 |                     569 |                      579 |                       585 |                        659 |                                777 |                                  614 |                     662 |                      662 |                       663 |                   557 |                    560 |                     579 |                      579 |                       629 |                               663 |                                 624
result_SELECT_10_Heisenberg2D_cylinder_0.5_0.5_4.in |                    354 |                     689 |                  280 |                   363 |                    305 |                     465 |                      486 |                              490 |                                476 |                   354 |                    359 |                 280 |                  287 |                   305 |                    307 |                     348 |                             350 |                               348 |                      354 |                       372 |                        382 |                    280 |                     302 |                      305 |                       320 |                        376 |                                468 |                                  351 |                     354 |                      354 |                       358 |                   280 |                    288 |                     305 |                      306 |                       335 |                               336 |                                 334
result_SELECT_10_Heisenberg2D_cylinder_0.5_0.5_5.in |                    206 |                     608 |                  141 |                   282 |                    169 |                     389 |                      397 |                              400 |                                395 |                   206 |                    212 |                 141 |                  153 |                   169 |                    173 |                     198 |                             199 |                               194 |                      206 |                       277 |                        295 |                    141 |                     203 |                      169 |                       241 |                        261 |                                310 |                                  250 |                     206 |                      206 |                       210 |                   141 |                    150 |                     169 |                      169 |                       202 |                               207 |                                 196
result_SELECT_10_Heisenberg2D_cylinder_0.5_0.5_6.in |                    137 |                     562 |                   72 |                   237 |                    103 |                     337 |                      340 |                              342 |                                339 |                   137 |                    145 |                  72 |                   88 |                   103 |                    108 |                     133 |                             137 |                               129 |                      137 |                       243 |                        251 |                     72 |                     169 |                      103 |                       206 |                        220 |                                233 |                                  213 |                     137 |                      138 |                       141 |                    72 |                     83 |                     103 |                      105 |                       132 |                               134 |                                 125
  result_SELECT_10_Heisenberg2D_cylinder_1_0.5_0.in |                  20012 |                   20012 |                17760 |                 17760 |                  17782 |                   17782 |                    18905 |                            18905 |                              17786 |                 20012 |                  20012 |               17760 |                17761 |                 17782 |                  17782 |                   18904 |                           18904 |                             18906 |                    20012 |                     20012 |                      20012 |                  17760 |                   17760 |                    17782 |                     17782 |                      18923 |                              18992 |                                17783 |                   20012 |                    20012 |                     20012 |                 17760 |                  17760 |                   17782 |                    17782 |                     18907 |                             18907 |                               18906
  result_SELECT_10_Heisenberg2D_cylinder_1_0.5_1.in |                  10024 |                   10027 |                 8880 |                  8885 |                   8902 |                    8903 |                     9470 |                             9491 |                               8918 |                 10024 |                  10024 |                8880 |                 8884 |                  8902 |                   8902 |                    9490 |                            9485 |                              9489 |                    10024 |                     10024 |                      10025 |                   8880 |                    8883 |                     8902 |                      8902 |                       9587 |                               9747 |                                 9461 |                   10024 |                    10024 |                     10024 |                  8880 |                   8881 |                    8902 |                     8904 |                      9478 |                             10300 |                                9475
  result_SELECT_10_Heisenberg2D_cylinder_1_0.5_2.in |                   5033 |                    5141 |                 4440 |                  4449 |                   4464 |                    4465 |                     4809 |                             4853 |                               4752 |                  5033 |                   5034 |                4440 |                 4444 |                  4464 |                   4476 |                    4802 |                            4810 |                              4792 |                     5033 |                      5033 |                       5037 |                   4440 |                    4445 |                     4464 |                      4467 |                       5072 |                               5542 |                                 4745 |                    5033 |                     5033 |                      5036 |                  4440 |                   4444 |                    4464 |                     4464 |                      4787 |                              4797 |                                4793
  result_SELECT_10_Heisenberg2D_cylinder_1_0.5_3.in |                   2539 |                    3030 |                 2221 |                  2236 |                   2247 |                    2278 |                     2547 |                             2623 |                               2448 |                  2539 |                   2544 |                2221 |                 2228 |                  2247 |                   2247 |                    2555 |                            2556 |                              2555 |                     2539 |                      2545 |                       2558 |                   2221 |                    2231 |                     2247 |                      2251 |                       2724 |                               2963 |                                 2389 |                    2539 |                     2539 |                      2540 |                  2221 |                   2224 |                    2247 |                     2247 |                      2433 |                              2653 |                                2430
  result_SELECT_10_Heisenberg2D_cylinder_1_0.5_4.in |                   1296 |                    2408 |                 1112 |                  1195 |                   1141 |                    1499 |                     1601 |                             1619 |                               1558 |                  1296 |                   1304 |                1112 |                 1119 |                  1141 |                   1144 |                    1257 |                            1259 |                              1251 |                     1296 |                      1325 |                       1373 |                   1112 |                    1129 |                     1141 |                      1166 |                       1381 |                               1702 |                                 1287 |                    1296 |                     1300 |                      1300 |                  1112 |                   1118 |                    1141 |                     1142 |                      1232 |                              1253 |                                1226
  result_SELECT_10_Heisenberg2D_cylinder_1_0.5_5.in |                    678 |                    1966 |                  557 |                   819 |                    589 |                    1179 |                     1186 |                             1178 |                               1183 |                   678 |                    699 |                 557 |                  568 |                   589 |                    596 |                     660 |                             667 |                               657 |                      678 |                       852 |                        878 |                    557 |                     648 |                      589 |                       726 |                        848 |                               1084 |                                  748 |                     678 |                      679 |                       685 |                   557 |                    566 |                     589 |                      591 |                       703 |                               702 |                                 699
  result_SELECT_10_Heisenberg2D_cylinder_1_0.5_6.in |                    374 |                    1762 |                  280 |                   687 |                    315 |                     984 |                      994 |                              990 |                                993 |                   374 |                    402 |                 280 |                  300 |                   315 |                    327 |                     383 |                             377 |                               381 |                      374 |                       667 |                        688 |                    280 |                     481 |                      315 |                       570 |                        591 |                                750 |                                  585 |                     374 |                      377 |                       391 |                   280 |                    292 |                     315 |                      328 |                       377 |                               389 |                                 374
            result_SELECT_10_Schwinger_OBC_0_0_0.in |                    291 |                     291 |                  244 |                   248 |                    254 |                     254 |                      277 |                              277 |                                275 |                   291 |                    291 |                 244 |                  245 |                   254 |                    254 |                     277 |                             277 |                               277 |                      291 |                       291 |                        291 |                    244 |                     244 |                      254 |                       254 |                        274 |                                274 |                                  256 |                     291 |                      291 |                       291 |                   244 |                    244 |                     254 |                      254 |                       277 |                               277 |                                 276
            result_SELECT_10_Schwinger_OBC_0_0_1.in |                    155 |                     157 |                  124 |                   128 |                    133 |                     133 |                      152 |                              153 |                                145 |                   155 |                    155 |                 124 |                  125 |                   133 |                    133 |                     147 |                             147 |                               147 |                      155 |                       155 |                        157 |                    124 |                     125 |                      133 |                       133 |                        154 |                                156 |                                  152 |                     155 |                      155 |                       155 |                   124 |                    125 |                     133 |                      133 |                       148 |                               148 |                                 145
            result_SELECT_10_Schwinger_OBC_0_0_2.in |                     88 |                      90 |                   62 |                    69 |                     72 |                      74 |                       87 |                               92 |                                 86 |                    88 |                     88 |                  62 |                   63 |                    72 |                     74 |                      83 |                              83 |                                82 |                       88 |                        88 |                         90 |                     62 |                      68 |                       72 |                        73 |                         87 |                                 96 |                                   80 |                      88 |                       88 |                        90 |                    62 |                     65 |                      72 |                       72 |                        82 |                                82 |                                  80
            result_SELECT_10_Schwinger_OBC_0_0_3.in |                     58 |                      79 |                   32 |                    49 |                     43 |                      60 |                       67 |                               70 |                                 64 |                    58 |                     58 |                  32 |                   36 |                    43 |                     44 |                      53 |                              54 |                                51 |                       58 |                        59 |                         60 |                     32 |                      41 |                       43 |                        47 |                         57 |                                 64 |                                   52 |                      58 |                       59 |                        59 |                    32 |                     34 |                      43 |                       43 |                        56 |                                57 |                                  51
            result_SELECT_10_Schwinger_OBC_0_0_4.in |                     50 |                      80 |                   16 |                    47 |                     33 |                      59 |                       65 |                               65 |                                 66 |                    50 |                     51 |                  16 |                   27 |                    33 |                     35 |                      43 |                              45 |                                42 |                       50 |                        54 |                         59 |                     16 |                      35 |                       33 |                        43 |                         56 |                                 56 |                                   50 |                      50 |                       50 |                        51 |                    16 |                     24 |                      33 |                       33 |                        43 |                                44 |                                  40
     result_SELECT_10_Z2LatticeGauge2D_PBC_0_0_0.in |                   1422 |                    1422 |                 1200 |                  1200 |                   1264 |                    1264 |                     1352 |                             1367 |                               1322 |                  1422 |                   1422 |                1200 |                 1200 |                  1264 |                   1264 |                    1373 |                            1373 |                              1371 |                     1422 |                      1422 |                       1422 |                   1200 |                    1201 |                     1264 |                      1264 |                       1373 |                               1373 |                                 1319 |                    1422 |                     1422 |                      1422 |                  1200 |                   1200 |                    1264 |                     1264 |                      1375 |                              1374 |                                1374
     result_SELECT_10_Z2LatticeGauge2D_PBC_0_0_1.in |                    822 |                     822 |                  750 |                   751 |                    776 |                     777 |                      805 |                              800 |                                794 |                   822 |                    822 |                 750 |                  750 |                   776 |                    776 |                     814 |                             814 |                               813 |                      822 |                       822 |                        822 |                    750 |                     750 |                      776 |                       776 |                        823 |                                841 |                                  782 |                     822 |                      822 |                       823 |                   750 |                    750 |                     776 |                      776 |                       811 |                               811 |                                 810
     result_SELECT_10_Z2LatticeGauge2D_PBC_0_0_2.in |                    476 |                     477 |                  451 |                   458 |                    465 |                     467 |                      476 |                              479 |                                472 |                   476 |                    476 |                 451 |                  452 |                   465 |                    466 |                     476 |                             479 |                               476 |                      476 |                       476 |                        476 |                    451 |                     455 |                      465 |                       467 |                        478 |                                501 |                                  467 |                     476 |                      476 |                       476 |                   451 |                    452 |                     465 |                      465 |                       474 |                               474 |                                 472
     result_SELECT_10_Z2LatticeGauge2D_PBC_0_0_3.in |                    255 |                     261 |                  224 |                   235 |                    240 |                     245 |                      259 |                              264 |                                250 |                   255 |                    255 |                 224 |                  225 |                   240 |                    240 |                     252 |                             252 |                               251 |                      255 |                       255 |                        257 |                    224 |                     231 |                      240 |                       242 |                        258 |                                267 |                                  246 |                     255 |                      255 |                       256 |                   224 |                    227 |                     240 |                      240 |                       254 |                               256 |                                 249
     result_SELECT_10_Z2LatticeGauge2D_PBC_0_0_4.in |                    146 |                     231 |                  115 |                   133 |                    134 |                     149 |                      161 |                              164 |                                154 |                   146 |                    146 |                 115 |                  116 |                   134 |                    135 |                     143 |                             143 |                               143 |                      146 |                       148 |                        149 |                    115 |                     127 |                      134 |                       136 |                        153 |                                185 |                                  147 |                     146 |                      146 |                       146 |                   115 |                    117 |                     134 |                      134 |                       146 |                               146 |                                 145
     result_SELECT_10_Z2LatticeGauge2D_PBC_0_0_5.in |                    102 |                     225 |                   56 |                   105 |                     78 |                     148 |                      153 |                              156 |                                152 |                   102 |                    103 |                  56 |                   62 |                    78 |                     79 |                      91 |                              93 |                                89 |                      102 |                       116 |                        120 |                     56 |                      80 |                       78 |                        94 |                        111 |                                137 |                                  101 |                     102 |                      102 |                       102 |                    56 |                     62 |                      78 |                       79 |                        92 |                                94 |                                  89
     result_SELECT_10_Z2LatticeGauge2D_PBC_0_0_6.in |                     74 |                     258 |                   31 |                   112 |                     54 |                     156 |                      163 |                              161 |                                159 |                    74 |                     84 |                  31 |                   40 |                    54 |                     59 |                      69 |                              70 |                                65 |                       74 |                       120 |                        123 |                     31 |                      76 |                       54 |                       101 |                        111 |                                114 |                                  106 |                      74 |                       75 |                        77 |                    31 |                     40 |                      54 |                       54 |                        67 |                                69 |                                  63
