                                                   | Double No Top (2D RND) | Double No Kink (2D RND) | Double Yes Kink (2D RND) | Double Yes Kink w/ skip (2D RND) | Double No Top (2D SA) | Double No Kink (2D SA) | Double Yes Kink (2D SA) | Double Yes Kink w/ skip (2D SA) | Double No Top (2.5D RND) | Double No Kink (2.5D RND) | Double Yes Kink (2.5D RND) | Double Yes Kink w/ skip (2.5D RND) | Double No Top (2.5D SA) | Double No Kink (2.5D SA) | Double Yes Kink (2.5D SA) | Double Yes Kink w/ skip (2.5D SA)
             result_SELECT_4_DMFT1D_OBC_1.0_0_0.in |               0.127462 |                0.818649 |                  1.11675 |                          1.11919 |              0.115378 |               0.389274 |                0.489259 |                        0.482374 |                 0.116986 |                  0.759129 |                   0.987996 |                            1.03245 |                0.117747 |                 0.475992 |                  0.623453 |                          0.614974
             result_SELECT_4_DMFT1D_OBC_1.0_0_1.in |               0.136315 |                 1.63897 |                   1.9661 |                          1.87213 |              0.129401 |               0.466538 |                0.561022 |                        0.569492 |                 0.132561 |                   1.45134 |                    1.87728 |                            2.08711 |                0.132559 |                 0.644202 |                  0.789452 |                          0.801448
             result_SELECT_4_DMFT1D_OBC_1.0_0_2.in |               0.154755 |                 2.57304 |                  2.74229 |                          2.71814 |               0.14954 |               0.631207 |                0.765205 |                        0.766042 |                 0.149017 |                    2.4703 |                     3.2645 |                            3.76642 |                0.163294 |                 0.863296 |                   1.06002 |                            1.0668
             result_SELECT_4_DMFT1D_OBC_1.0_0_3.in |               0.202429 |                 5.13354 |                  6.88323 |                          6.70007 |              0.200296 |                1.04362 |                  1.3828 |                          1.3552 |                 0.202647 |                   5.03653 |                    6.40325 |                            7.84986 |                0.205351 |                  1.21736 |                   1.52478 |                           1.58883
             result_SELECT_4_DMFT1D_OBC_1.0_0_4.in |                0.30611 |                 10.5219 |                  13.3572 |                          14.2462 |              0.285957 |                1.84351 |                 2.39266 |                         2.36091 |                 0.293719 |                   10.4717 |                    14.7472 |                            16.5212 |                0.297876 |                  2.04192 |                   2.53203 |                           2.55126
             result_SELECT_4_DMFT1D_OBC_3.0_0_0.in |               0.474239 |                  4.0698 |                   4.1572 |                           4.1613 |              0.429527 |                2.13328 |                 2.61608 |                         2.59808 |                 0.450215 |                   6.24295 |                    7.55208 |                            9.33463 |                0.431527 |                  2.33041 |                   2.93605 |                           3.07202
             result_SELECT_4_DMFT1D_OBC_3.0_0_1.in |               0.513771 |                 6.28615 |                  7.01577 |                          7.09136 |              0.447175 |                 2.0443 |                  2.4595 |                          2.4551 |                 0.467997 |                   9.29735 |                    10.8541 |                             12.716 |                 0.44579 |                  2.81337 |                    3.4502 |                           3.60878
             result_SELECT_4_DMFT1D_OBC_3.0_0_2.in |               0.563652 |                 10.9281 |                  13.0819 |                          13.3855 |              0.488489 |                2.55869 |                 3.03285 |                          3.0283 |                 0.505674 |                    11.261 |                     13.614 |                            15.7113 |                0.488872 |                  3.33584 |                   4.06966 |                           4.19426
             result_SELECT_4_DMFT1D_OBC_3.0_0_3.in |               0.656481 |                 17.9671 |                  22.9911 |                          24.1903 |              0.581836 |                3.46349 |                 4.23867 |                         4.25545 |                 0.596661 |                   20.9115 |                    25.3303 |                            29.5335 |                0.597159 |                  3.77612 |                   4.57911 |                           4.70066
             result_SELECT_4_DMFT1D_OBC_3.0_0_4.in |               0.856884 |                 35.5129 |                  46.5525 |                          46.8491 |              0.725246 |                4.98619 |                 5.85895 |                         5.77766 |                  0.75515 |                    37.489 |                    46.7825 |                            52.9056 |                0.740161 |                  5.64723 |                   6.74933 |                           7.09917
             result_SELECT_4_DMFT1D_OBC_3.0_0_5.in |                1.21632 |                 104.698 |                  127.507 |                          128.372 |               1.05322 |                10.2522 |                 12.1443 |                         11.8821 |                  1.07475 |                   90.4882 |                    119.918 |                             133.93 |                  1.0372 |                  10.5138 |                   12.4279 |                           12.4349
             result_SELECT_4_DMFT1D_OBC_3.0_0_6.in |                 1.8994 |                 239.284 |                  268.912 |                          287.156 |               1.48218 |                21.6447 |                 22.5304 |                         21.7984 |                   1.5106 |                   221.679 |                    292.663 |                            309.579 |                 1.47367 |                  19.7071 |                   22.5401 |                           24.0203
             result_SELECT_4_DMFT1D_OBC_5.0_0_0.in |                1.32787 |                 12.1102 |                   13.588 |                          13.7666 |              0.797756 |                4.79743 |                 5.40836 |                         5.43672 |                 0.823987 |                   11.3141 |                    13.7487 |                            16.4639 |                0.797059 |                  5.39749 |                   6.78745 |                           7.30032
             result_SELECT_4_DMFT1D_OBC_5.0_0_1.in |               0.983906 |                 13.8298 |                  15.8529 |                          15.6659 |              0.890952 |                4.89907 |                  5.7102 |                         5.71358 |                 0.899642 |                   19.2918 |                    22.2788 |                            25.8814 |                0.841647 |                  6.30131 |                   7.73723 |                           8.12425
             result_SELECT_4_DMFT1D_OBC_5.0_0_2.in |                 1.0567 |                 20.8587 |                  24.3264 |                          24.5551 |              0.884876 |                 5.2546 |                 6.20824 |                         6.19218 |                 0.919574 |                   27.6387 |                    32.0987 |                            36.9861 |                0.903511 |                  6.84035 |                   8.11967 |                           8.49033
             result_SELECT_4_DMFT1D_OBC_5.0_0_3.in |                  1.157 |                 34.8391 |                  41.5703 |                          41.8584 |              0.958313 |                6.00553 |                 7.21783 |                         7.11041 |                 0.989728 |                   41.9951 |                    49.9062 |                            57.7097 |                0.961415 |                  7.06611 |                   8.43982 |                           8.65069
             result_SELECT_4_DMFT1D_OBC_5.0_0_4.in |                1.32069 |                 59.9548 |                  70.9905 |                          72.1393 |               1.10211 |                7.52415 |                 9.03493 |                         9.11954 |                  1.14455 |                   62.7227 |                    75.0506 |                            86.6969 |                 1.11736 |                  9.25516 |                   11.0634 |                           11.3001
             result_SELECT_4_DMFT1D_OBC_5.0_0_5.in |                1.76154 |                 124.563 |                  149.166 |                          152.735 |               1.37201 |                12.5559 |                 15.3986 |                         14.6824 |                  1.42885 |                   131.003 |                     162.46 |                            187.293 |                 1.39943 |                  15.0239 |                   17.4765 |                           18.9678
             result_SELECT_4_DMFT1D_OBC_5.0_0_6.in |                2.37968 |                 321.271 |                  359.351 |                          365.769 |               1.78906 |                24.8813 |                 27.1592 |                         26.4756 |                  1.84207 |                    287.94 |                    358.686 |                            398.132 |                 1.83525 |                  25.2253 |                   29.5599 |                           30.8508
             result_SELECT_4_DMFT2D_OBC_1.0_0_0.in |                1.57945 |                 15.8077 |                  18.7157 |                          18.6833 |               1.30856 |                7.68781 |                 8.62199 |                         8.62769 |                  1.26664 |                   14.7077 |                    18.8535 |                            20.9689 |                 1.22581 |                  8.14591 |                   10.5287 |                           10.8724
             result_SELECT_4_DMFT2D_OBC_1.0_0_1.in |                1.64285 |                 20.0334 |                  24.0204 |                           24.168 |               1.21524 |                8.62203 |                 10.0052 |                         10.0996 |                   1.2555 |                   29.8106 |                    35.6833 |                            40.6209 |                 1.21965 |                  9.39315 |                   11.6928 |                           12.4512
             result_SELECT_4_DMFT2D_OBC_1.0_0_2.in |                1.52442 |                 26.8515 |                  32.2731 |                          32.9152 |               1.28503 |                10.4845 |                 12.9024 |                         12.9265 |                  1.31353 |                   37.2552 |                    41.0311 |                            46.2928 |                 1.28737 |                  12.7497 |                   15.4379 |                           16.0167
             result_SELECT_4_DMFT2D_OBC_1.0_0_3.in |                1.80513 |                 47.9441 |                  56.1151 |                          56.6419 |               1.38594 |                14.0879 |                 17.5709 |                         17.4827 |                  1.40483 |                    56.568 |                    65.5244 |                            73.3646 |                 1.40008 |                  15.0155 |                    18.414 |                           19.1325
             result_SELECT_4_DMFT2D_OBC_1.0_0_4.in |                2.08168 |                 87.5928 |                  109.371 |                          110.713 |               1.62365 |                19.3407 |                 24.1133 |                         24.2527 |                  1.67068 |                    96.665 |                    113.807 |                            132.908 |                 1.63874 |                  19.0062 |                   23.2458 |                           23.8832
             result_SELECT_4_DMFT2D_OBC_1.0_0_5.in |                  2.532 |                 173.877 |                  219.296 |                          219.755 |               1.99194 |                30.7018 |                  34.496 |                         34.6172 |                  2.05171 |                    182.96 |                    229.188 |                            258.222 |                 1.99863 |                  25.3326 |                   30.2732 |                           32.3088
             result_SELECT_4_DMFT2D_OBC_1.0_0_6.in |                3.20774 |                 547.475 |                  530.738 |                          520.721 |               2.60547 |                80.4323 |                 71.9531 |                         70.2261 |                  2.67976 |                   447.744 |                    555.866 |                            614.284 |                 2.65034 |                  51.0011 |                   50.6873 |                           53.2399
             result_SELECT_4_DMFT2D_OBC_3.0_0_0.in |                4.45931 |                 94.5764 |                  110.982 |                           110.75 |               3.95905 |                50.7041 |                 54.9059 |                         54.9502 |                  3.92789 |                   121.347 |                    139.143 |                            170.588 |                  3.6357 |                   57.878 |                   68.5793 |                            78.835
             result_SELECT_4_DMFT2D_OBC_3.0_0_1.in |                4.55279 |                 134.328 |                  145.382 |                          145.676 |               4.07753 |                 54.022 |                 59.7641 |                         59.6954 |                  4.03645 |                   130.141 |                    152.703 |                            179.592 |                 3.79891 |                  58.1957 |                   68.9643 |                           75.1104
             result_SELECT_4_DMFT2D_OBC_3.0_0_2.in |                 4.9607 |                 140.029 |                  158.055 |                          159.416 |                3.8919 |                57.7942 |                 64.9516 |                         64.7522 |                  3.94954 |                   157.295 |                     178.52 |                            213.634 |                 3.91393 |                  66.1985 |                   76.2015 |                           83.2212
             result_SELECT_4_DMFT2D_OBC_3.0_0_3.in |                4.93897 |                 195.836 |                  223.262 |                          224.847 |               4.07186 |                  61.03 |                 71.8388 |                         71.2552 |                  4.10116 |                   248.087 |                    278.055 |                             324.01 |                 4.08164 |                  70.4104 |                    82.995 |                           87.7938
             result_SELECT_4_DMFT2D_OBC_3.0_0_4.in |                5.25606 |                 272.134 |                  315.847 |                           318.51 |               4.01993 |                67.8423 |                 81.7991 |                         81.3965 |                  4.14217 |                   318.629 |                    357.528 |                            428.142 |                 4.04495 |                  72.5192 |                   85.6666 |                           91.1613
             result_SELECT_4_DMFT2D_OBC_3.0_0_5.in |                 5.7143 |                 463.544 |                  552.366 |                          555.845 |               4.61186 |                86.7042 |                 102.257 |                         100.538 |                  4.70171 |                   552.972 |                    632.946 |                            733.135 |                 4.58195 |                   94.542 |                   109.901 |                           114.625
             result_SELECT_4_DMFT2D_OBC_3.0_0_6.in |                6.56614 |                 881.831 |                  1027.21 |                          1058.83 |               5.72215 |                130.322 |                 143.603 |                         138.569 |                  5.79799 |                   1045.14 |                    1227.38 |                            1402.93 |                 5.35552 |                  122.555 |                   140.771 |                           151.621
             result_SELECT_4_DMFT2D_OBC_5.0_0_0.in |                  7.753 |                 290.545 |                  317.826 |                          314.725 |               7.00494 |                141.111 |                 149.069 |                         149.311 |                  7.07087 |                   292.741 |                    331.922 |                             424.01 |                 6.42124 |                  163.186 |                   183.877 |                           221.609
             result_SELECT_4_DMFT2D_OBC_5.0_0_1.in |                 8.0496 |                 269.053 |                  296.601 |                          296.026 |               6.60575 |                135.413 |                 147.075 |                         146.607 |                  6.78282 |                   322.549 |                    366.508 |                            442.784 |                 6.65496 |                  153.477 |                   171.792 |                           198.981
             result_SELECT_4_DMFT2D_OBC_5.0_0_2.in |                8.23261 |                 304.214 |                  328.376 |                          329.106 |               7.06404 |                 145.54 |                 161.569 |                         161.289 |                  7.11432 |                   377.191 |                    417.089 |                            509.753 |                 7.01742 |                  163.346 |                   184.469 |                           201.839
             result_SELECT_4_DMFT2D_OBC_5.0_0_3.in |                8.32701 |                 418.795 |                  455.816 |                           457.73 |               6.97512 |                141.252 |                 160.564 |                         160.695 |                  7.11795 |                   459.475 |                    503.912 |                            637.536 |                 7.01378 |                  153.781 |                   173.943 |                           181.845
             result_SELECT_4_DMFT2D_OBC_5.0_0_4.in |                9.09359 |                 600.676 |                  678.425 |                          687.014 |               7.73794 |                 147.16 |                 170.866 |                         170.557 |                  7.73469 |                   749.991 |                    825.529 |                            981.217 |                 7.70835 |                  174.327 |                   198.962 |                           207.339
             result_SELECT_4_DMFT2D_OBC_5.0_0_5.in |                9.51117 |                 905.312 |                  1050.49 |                           1066.5 |               8.11529 |                 176.99 |                 205.143 |                         204.818 |                  8.19315 |                    1071.4 |                    1200.65 |                            1398.64 |                 8.08014 |                  202.988 |                   235.847 |                           248.627
             result_SELECT_4_DMFT2D_OBC_5.0_0_6.in |                10.6269 |                 1748.77 |                  2022.25 |                           2049.3 |               9.42981 |                 263.53 |                 307.807 |                         303.821 |                  9.51921 |                   1947.59 |                    2227.29 |                             2588.2 |                 9.46306 |                  279.445 |                   316.078 |                           336.262
  result_SELECT_4_FermiHubbard2D_cylinder_0_0_0.in |               0.609071 |                  3.7725 |                  4.21036 |                          4.15899 |              0.530792 |                2.36583 |                 2.77912 |                         2.77567 |                 0.539306 |                   4.84072 |                    6.22089 |                            7.50799 |                0.534339 |                  2.73202 |                   3.45103 |                           3.55507
  result_SELECT_4_FermiHubbard2D_cylinder_0_0_1.in |               0.634863 |                 6.71202 |                  7.72978 |                          7.95349 |              0.542897 |                2.70361 |                 3.24209 |                         3.28288 |                 0.551719 |                   7.09104 |                    8.64202 |                            9.60224 |                0.534833 |                    3.275 |                   3.94681 |                            4.0233
  result_SELECT_4_FermiHubbard2D_cylinder_0_0_2.in |               0.703503 |                 11.1011 |                  13.1673 |                          13.7018 |              0.601025 |                3.09031 |                 3.83252 |                         3.83276 |                 0.592008 |                   12.6375 |                    15.3589 |                            17.5062 |                0.592584 |                  3.84913 |                   4.60614 |                           4.75551
  result_SELECT_4_FermiHubbard2D_cylinder_0_0_3.in |               0.813002 |                 20.1492 |                  25.8085 |                          25.6468 |              0.681178 |                 4.3512 |                 5.11343 |                         5.13974 |                  0.71241 |                   20.1048 |                    24.6801 |                            28.2578 |                0.676741 |                  5.02905 |                   6.11496 |                           6.24721
  result_SELECT_4_FermiHubbard2D_cylinder_0_0_4.in |                1.09032 |                 44.6284 |                  53.7201 |                          55.2478 |              0.833903 |                6.52268 |                 7.45535 |                         7.72494 |                 0.862046 |                   41.5936 |                    53.6334 |                             59.876 |                 0.84448 |                  7.01714 |                   8.71925 |                           8.93834
result_SELECT_4_Heisenberg2D_cylinder_0.5_0.5_0.in |               0.382803 |                 2.30469 |                  2.64022 |                          2.59041 |              0.355597 |                1.07025 |                 1.30992 |                         1.30608 |                 0.355675 |                    2.2105 |                    2.98413 |                            3.26859 |                0.349377 |                  1.30015 |                    1.7138 |                           1.70644
result_SELECT_4_Heisenberg2D_cylinder_0.5_0.5_1.in |               0.381172 |                 4.86496 |                  5.96196 |                          5.90881 |              0.377371 |                1.35676 |                 1.67231 |                         1.65825 |                 0.386983 |                   4.83566 |                    5.95124 |                            6.63886 |                0.376486 |                  1.95376 |                   2.35687 |                           2.41457
result_SELECT_4_Heisenberg2D_cylinder_0.5_0.5_2.in |               0.473006 |                 7.49951 |                  10.0856 |                          9.41668 |              0.437718 |                1.85464 |                 2.33241 |                         2.34423 |                 0.443021 |                   11.2655 |                    13.9077 |                             14.807 |                0.431657 |                  2.75809 |                   3.32815 |                           3.40068
result_SELECT_4_Heisenberg2D_cylinder_0.5_0.5_3.in |               0.608489 |                 15.2859 |                  17.9077 |                          17.7365 |              0.519039 |                2.57445 |                 3.38881 |                         3.40423 |                 0.521482 |                   14.4688 |                    18.2614 |                            22.2578 |                0.522379 |                  3.11973 |                   3.68613 |                           3.73801
result_SELECT_4_Heisenberg2D_cylinder_0.5_0.5_4.in |               0.757981 |                 30.1059 |                  38.6292 |                          39.6186 |              0.669594 |                4.94054 |                 5.63766 |                         5.95995 |                 0.679533 |                   37.6764 |                    45.4818 |                            50.4583 |                0.668122 |                  5.16102 |                   6.34246 |                           6.31486
result_SELECT_4_Heisenberg2D_cylinder_0.5_0.5_5.in |                1.11469 |                 79.6071 |                  100.404 |                          102.325 |              0.924191 |                11.7562 |                 13.6256 |                         11.6598 |                  1.00536 |                   81.9458 |                    106.059 |                            118.832 |                0.933412 |                  10.1081 |                   11.9689 |                           12.1016
result_SELECT_4_Heisenberg2D_cylinder_0.5_0.5_6.in |                1.69982 |                 229.602 |                  251.584 |                          260.512 |               1.32539 |                24.1207 |                 23.3589 |                         23.4031 |                  1.34686 |                   199.347 |                    265.715 |                            298.906 |                 1.33665 |                  17.9422 |                    21.282 |                           22.0078
  result_SELECT_4_Heisenberg2D_cylinder_1_0.5_0.in |                1.75497 |                 16.4944 |                  18.6761 |                          18.5698 |               1.46276 |                5.37886 |                 6.32432 |                         6.28286 |                  1.51895 |                    20.338 |                    26.9214 |                            32.9732 |                 1.47576 |                  6.95206 |                   8.79422 |                           9.00045
  result_SELECT_4_Heisenberg2D_cylinder_1_0.5_1.in |                2.04704 |                 24.8663 |                  30.5227 |                           30.123 |                1.5405 |                6.87667 |                 8.02576 |                         7.98823 |                  1.58321 |                   20.8679 |                    25.6812 |                            29.0233 |                 1.55234 |                  7.81654 |                    9.7123 |                           9.98862
  result_SELECT_4_Heisenberg2D_cylinder_1_0.5_2.in |                2.08189 |                 39.7529 |                  50.2198 |                          51.5421 |               1.57382 |                7.27125 |                  8.6727 |                         8.68711 |                  1.64561 |                   43.6793 |                    54.3403 |                            65.2726 |                 1.57986 |                  9.37538 |                   11.4534 |                           11.7555
  result_SELECT_4_Heisenberg2D_cylinder_1_0.5_3.in |                2.22622 |                 64.7108 |                  82.1582 |                           81.582 |               1.76553 |                9.52846 |                 11.2507 |                         11.2564 |                  1.85081 |                   67.5805 |                    84.4986 |                            101.697 |                 1.80295 |                  11.0306 |                   13.4055 |                           14.0725
  result_SELECT_4_Heisenberg2D_cylinder_1_0.5_4.in |                2.52005 |                 138.618 |                  176.038 |                          165.845 |               2.06377 |                16.8753 |                 18.8844 |                         18.8005 |                  2.10497 |                   120.351 |                     158.79 |                            186.051 |                 2.08242 |                  16.2771 |                    20.425 |                           20.3162
  result_SELECT_4_Heisenberg2D_cylinder_1_0.5_5.in |                3.13524 |                 287.173 |                  356.879 |                           368.08 |                2.4569 |                43.7352 |                 40.0064 |                         39.6463 |                  2.51899 |                   283.826 |                    350.738 |                            386.056 |                 2.46374 |                  27.4108 |                   32.4188 |                             34.18
  result_SELECT_4_Heisenberg2D_cylinder_1_0.5_6.in |                4.12176 |                  675.72 |                  799.922 |                          807.167 |                 3.097 |                110.985 |                 87.4579 |                         85.0154 |                  3.12771 |                   645.383 |                    832.293 |                            861.724 |                 3.08766 |                  60.2978 |                   64.8511 |                           70.2711
     result_SELECT_4_Z2LatticeGauge2D_PBC_0_0_0.in |               0.120809 |                0.755552 |                 0.987585 |                          0.88316 |              0.115289 |                0.47385 |                 0.57574 |                         0.56483 |                 0.115192 |                  0.850488 |                    1.04105 |                            1.08264 |                0.114888 |                 0.503208 |                  0.680761 |                          0.718198
     result_SELECT_4_Z2LatticeGauge2D_PBC_0_0_1.in |               0.130429 |                 1.98301 |                  2.21202 |                          2.13439 |              0.124507 |               0.623232 |                0.773283 |                         0.79344 |                 0.123241 |                    1.9603 |                    2.30548 |                            2.50288 |                0.124018 |                 0.643813 |                  0.820735 |                          0.837255
     result_SELECT_4_Z2LatticeGauge2D_PBC_0_0_2.in |               0.162431 |                 2.68618 |                   3.1865 |                          3.11172 |              0.146292 |               0.732596 |                0.898536 |                        0.907735 |                 0.154213 |                   2.98549 |                    3.72384 |                             4.3254 |                0.151491 |                 0.972294 |                    1.2044 |                           1.24467
     result_SELECT_4_Z2LatticeGauge2D_PBC_0_0_3.in |               0.211769 |                 5.30735 |                  6.20572 |                          6.58195 |              0.198524 |                1.11319 |                 1.40618 |                         1.42479 |                 0.203935 |                   4.93997 |                     6.2167 |                             7.4792 |                0.201074 |                  1.19388 |                   1.46632 |                           1.50547
     result_SELECT_4_Z2LatticeGauge2D_PBC_0_0_4.in |               0.299968 |                 12.7138 |                  15.3518 |                          16.2227 |              0.284206 |                2.03823 |                 2.27078 |                         2.48874 |                 0.286451 |                   12.3756 |                    15.7776 |                            18.5199 |                0.286315 |                  2.13279 |                   2.69006 |                           2.68238
