                                                   | Proj No Top (1 outer random) | Proj No Kink (1 outer random) | Proj Yes Kink (1 outer random) | Proj No Top (1 outer SA) | Proj No Kink (1 outer SA) | Proj Yes Kink (1 outer SA) | Proj No Top (1 outer naive) | Proj No Kink (1 outer naive) | Proj Yes Kink (1 outer naive) | Proj No Top (2 outer random) | Proj No Kink (2 outer random) | Proj Yes Kink (2 outer random) | Proj No Top (2 outer SA) | Proj No Kink (2 outer SA) | Proj Yes Kink (2 outer SA) | Proj No Top (2 outer naive) | Proj No Kink (2 outer naive) | Proj Yes Kink (2 outer naive)
             result_SELECT_4_DMFT1D_OBC_1.0_0_0.in |                          308 |                           308 |                            308 |                      308 |                       312 |                        314 |                         308 |                          311 |                           309 |                          308 |                           308 |                            309 |                      308 |                       314 |                        314 |                         308 |                          309 |                           310
             result_SELECT_4_DMFT1D_OBC_1.0_0_1.in |                          172 |                           181 |                            181 |                      172 |                       178 |                        180 |                         172 |                          181 |                           183 |                          172 |                           178 |                            178 |                      172 |                       174 |                        173 |                         172 |                          182 |                           177
             result_SELECT_4_DMFT1D_OBC_1.0_0_2.in |                          108 |                           131 |                            128 |                      108 |                       117 |                        119 |                         108 |                          126 |                           128 |                          108 |                           114 |                            113 |                      108 |                       114 |                        115 |                         108 |                          122 |                           122
             result_SELECT_4_DMFT1D_OBC_1.0_0_3.in |                           54 |                            70 |                             72 |                       54 |                        69 |                         70 |                          54 |                           93 |                           101 |                           54 |                            75 |                             77 |                       54 |                        68 |                         68 |                          54 |                           78 |                            82
             result_SELECT_4_DMFT1D_OBC_1.0_0_4.in |                           36 |                            65 |                             67 |                       45 |                        60 |                         63 |                          45 |                          106 |                           111 |                           30 |                            52 |                             55 |                       30 |                        48 |                         48 |                          30 |                           84 |                            86
             result_SELECT_4_DMFT1D_OBC_3.0_0_0.in |                         1108 |                          1112 |                           1112 |                     1108 |                      1109 |                       1108 |                        1108 |                         1111 |                          1116 |                         1108 |                          1109 |                           1110 |                     1108 |                      1110 |                       1108 |                        1108 |                         1110 |                          1110
             result_SELECT_4_DMFT1D_OBC_3.0_0_1.in |                          648 |                           658 |                            660 |                      648 |                       656 |                        656 |                         648 |                          684 |                           688 |                          648 |                           651 |                            658 |                      648 |                       656 |                        652 |                         648 |                          687 |                           686
             result_SELECT_4_DMFT1D_OBC_3.0_0_2.in |                          360 |                           373 |                            375 |                      360 |                       373 |                        376 |                         360 |                          421 |                           425 |                          360 |                           376 |                            370 |                      360 |                       373 |                        370 |                         360 |                          418 |                           418
             result_SELECT_4_DMFT1D_OBC_3.0_0_3.in |                          194 |                           238 |                            238 |                      194 |                       242 |                        237 |                         194 |                          290 |                           292 |                          194 |                           212 |                            220 |                      194 |                       223 |                        226 |                         194 |                          272 |                           272
             result_SELECT_4_DMFT1D_OBC_3.0_0_4.in |                          124 |                           160 |                            164 |                      124 |                       153 |                        155 |                         124 |                          228 |                           236 |                          124 |                           153 |                            148 |                      124 |                       145 |                        146 |                         124 |                          204 |                           207
             result_SELECT_4_DMFT1D_OBC_3.0_0_5.in |                           88 |                           117 |                            123 |                       88 |                       120 |                        123 |                          88 |                          234 |                           239 |                           88 |                           110 |                            111 |                       88 |                       112 |                        113 |                          88 |                          170 |                           175
             result_SELECT_4_DMFT1D_OBC_3.0_0_6.in |                           63 |                           121 |                            124 |                       87 |                        99 |                        102 |                          87 |                          257 |                           261 |                           60 |                            89 |                             91 |                       63 |                        87 |                         88 |                          63 |                          187 |                           193
             result_SELECT_4_DMFT1D_OBC_5.0_0_0.in |                         2164 |                          2164 |                           2164 |                     2164 |                      2164 |                       2164 |                        2164 |                         2167 |                          2165 |                         2164 |                          2165 |                           2164 |                     2164 |                      2165 |                       2167 |                        2164 |                         2164 |                          2164
             result_SELECT_4_DMFT1D_OBC_5.0_0_1.in |                         1306 |                          1330 |                           1337 |                     1306 |                      1342 |                       1342 |                        1306 |                         1430 |                          1435 |                         1306 |                          1362 |                           1394 |                     1306 |                      1332 |                       1349 |                        1306 |                         1447 |                          1441
             result_SELECT_4_DMFT1D_OBC_5.0_0_2.in |                          724 |                           759 |                            762 |                      724 |                       749 |                        768 |                         724 |                          865 |                           873 |                          724 |                           764 |                            766 |                      724 |                       763 |                        754 |                         724 |                          868 |                           864
             result_SELECT_4_DMFT1D_OBC_5.0_0_3.in |                          406 |                           470 |                            470 |                      406 |                       475 |                        473 |                         406 |                          552 |                           550 |                          406 |                           459 |                            465 |                      406 |                       462 |                        468 |                         406 |                          547 |                           544
             result_SELECT_4_DMFT1D_OBC_5.0_0_4.in |                          270 |                           324 |                            326 |                      270 |                       330 |                        333 |                         270 |                          392 |                           400 |                          270 |                           310 |                            313 |                      270 |                       305 |                        305 |                         270 |                          365 |                           369
             result_SELECT_4_DMFT1D_OBC_5.0_0_5.in |                          200 |                           233 |                            235 |                      200 |                       228 |                        231 |                         200 |                          319 |                           328 |                          200 |                           221 |                            224 |                      200 |                       221 |                        223 |                         200 |                          255 |                           258
             result_SELECT_4_DMFT1D_OBC_5.0_0_6.in |                          100 |                           147 |                            151 |                      100 |                       139 |                        143 |                         100 |                          271 |                           276 |                          100 |                           126 |                            128 |                      100 |                       125 |                        127 |                         100 |                          221 |                           223
             result_SELECT_4_DMFT2D_OBC_1.0_0_0.in |                         3360 |                          3362 |                           3360 |                     3360 |                      3360 |                       3360 |                        3360 |                         3364 |                          3366 |                         3360 |                          3360 |                           3360 |                     3360 |                      3362 |                       3361 |                        3360 |                         3362 |                          3361
             result_SELECT_4_DMFT2D_OBC_1.0_0_1.in |                         1832 |                          2583 |                           2585 |                     1832 |                      2606 |                       2605 |                        1832 |                         2613 |                          2614 |                         1832 |                          2542 |                           2528 |                     1832 |                      2578 |                       2579 |                        1832 |                         2609 |                          2606
             result_SELECT_4_DMFT2D_OBC_1.0_0_2.in |                         1276 |                          1426 |                           1427 |                     1276 |                      1526 |                       1523 |                        1276 |                         1540 |                          1548 |                         1276 |                          1444 |                           1444 |                     1276 |                      1534 |                       1535 |                        1276 |                         1520 |                          1517
             result_SELECT_4_DMFT2D_OBC_1.0_0_3.in |                          738 |                           822 |                            835 |                      738 |                      1041 |                       1045 |                         738 |                         1019 |                          1024 |                          738 |                           800 |                            808 |                      738 |                       981 |                        990 |                         738 |                         1084 |                          1089
             result_SELECT_4_DMFT2D_OBC_1.0_0_4.in |                          420 |                           554 |                            549 |                      420 |                       726 |                        742 |                         420 |                          807 |                           816 |                          420 |                           552 |                            542 |                      420 |                       716 |                        716 |                         420 |                          734 |                           741
             result_SELECT_4_DMFT2D_OBC_1.0_0_5.in |                          287 |                           353 |                            356 |                      287 |                       408 |                        421 |                         287 |                          509 |                           519 |                          287 |                           338 |                            339 |                      287 |                       372 |                        382 |                         287 |                          445 |                           453
             result_SELECT_4_DMFT2D_OBC_1.0_0_6.in |                          180 |                           238 |                            244 |                      180 |                       295 |                        305 |                         180 |                          431 |                           436 |                          180 |                           213 |                            214 |                      180 |                       261 |                        267 |                         180 |                          362 |                           364
             result_SELECT_4_DMFT2D_OBC_3.0_0_0.in |                        10016 |                         10017 |                          10017 |                    10016 |                     10016 |                      10016 |                       10016 |                        10017 |                         10020 |                        10016 |                         10017 |                          10017 |                    10016 |                     10016 |                      10016 |                       10016 |                        10017 |                         10017
             result_SELECT_4_DMFT2D_OBC_3.0_0_1.in |                         7868 |                          7920 |                           7939 |                     7868 |                      7946 |                       7963 |                        7868 |                         8004 |                          8006 |                         7868 |                          7930 |                           7938 |                     7868 |                      7964 |                       7956 |                        7868 |                         8005 |                          8006
             result_SELECT_4_DMFT2D_OBC_3.0_0_2.in |                         5708 |                          6602 |                           6625 |                     5708 |                      6681 |                       6681 |                        5708 |                         6703 |                          6708 |                         5708 |                          6656 |                           6658 |                     5708 |                      6653 |                       6661 |                        5708 |                         6693 |                          6697
             result_SELECT_4_DMFT2D_OBC_3.0_0_3.in |                         3914 |                          5040 |                           5045 |                     3914 |                      5052 |                       5068 |                        3914 |                         5142 |                          5168 |                         3914 |                          4614 |                           4638 |                     3914 |                      4840 |                       4870 |                        3914 |                         5183 |                          5186
             result_SELECT_4_DMFT2D_OBC_3.0_0_4.in |                         2080 |                          2986 |                           3001 |                     2080 |                      3498 |                       3529 |                        2080 |                         3618 |                          3634 |                         2080 |                          2979 |                           3003 |                     2080 |                      3471 |                       3480 |                        2080 |                         3532 |                          3524
             result_SELECT_4_DMFT2D_OBC_3.0_0_5.in |                         1188 |                          1811 |                           1840 |                     1188 |                      2232 |                       2254 |                        1188 |                         2317 |                          2329 |                         1188 |                          1790 |                           1826 |                     1188 |                      2158 |                       2170 |                        1188 |                         2244 |                          2257
             result_SELECT_4_DMFT2D_OBC_3.0_0_6.in |                          910 |                          1296 |                           1292 |                      910 |                      1470 |                       1482 |                         910 |                         1647 |                          1658 |                          910 |                          1187 |                           1187 |                      910 |                      1452 |                       1462 |                         910 |                         1534 |                          1547
             result_SELECT_4_DMFT2D_OBC_5.0_0_0.in |                        17696 |                         17696 |                          17696 |                    17696 |                     17696 |                      17696 |                       17696 |                        17697 |                         17696 |                        17696 |                         17696 |                          17696 |                    17696 |                     17696 |                      17696 |                       17696 |                        17697 |                         17697
             result_SELECT_4_DMFT2D_OBC_5.0_0_1.in |                        13928 |                         14113 |                          14118 |                    13928 |                     14000 |                      14056 |                       13928 |                        14154 |                         14165 |                        13928 |                         14010 |                          14039 |                    13928 |                     14027 |                      14054 |                       13928 |                        14198 |                         14198
             result_SELECT_4_DMFT2D_OBC_5.0_0_2.in |                        11318 |                         11515 |                          11516 |                    11318 |                     11515 |                      11513 |                       11318 |                        11752 |                         11763 |                        11318 |                         11514 |                          11503 |                    11318 |                     11497 |                      11503 |                       11318 |                        11769 |                         11773
             result_SELECT_4_DMFT2D_OBC_5.0_0_3.in |                         5986 |                         10233 |                          10227 |                     5986 |                     10233 |                      10233 |                        5986 |                        10289 |                         10291 |                         5986 |                         10171 |                          10201 |                     5986 |                     10241 |                      10246 |                        5986 |                        10277 |                         10280
             result_SELECT_4_DMFT2D_OBC_5.0_0_4.in |                         4828 |                          5603 |                           5620 |                     4828 |                      6158 |                       6250 |                        4828 |                         6658 |                          6695 |                         4828 |                          5692 |                           5709 |                     4828 |                      6292 |                       6322 |                        4828 |                         6556 |                          6564
             result_SELECT_4_DMFT2D_OBC_5.0_0_5.in |                         2868 |                          3693 |                           3738 |                     2868 |                      4033 |                       4056 |                        2868 |                         4281 |                          4306 |                         2868 |                          3791 |                           3811 |                     2868 |                      3992 |                       3998 |                        2868 |                         4232 |                          4251
             result_SELECT_4_DMFT2D_OBC_5.0_0_6.in |                         1748 |                          3010 |                           3012 |                     1748 |                      3369 |                       3385 |                        1748 |                         3601 |                          3615 |                         1748 |                          2601 |                           2584 |                     1748 |                      3339 |                       3328 |                        1748 |                         3491 |                          3497
  result_SELECT_4_FermiHubbard2D_cylinder_0_0_0.in |                         1392 |                          1395 |                           1395 |                     1392 |                      1394 |                       1396 |                        1392 |                         1395 |                          1397 |                         1392 |                          1394 |                           1394 |                     1392 |                      1394 |                       1397 |                        1392 |                         1397 |                          1397
  result_SELECT_4_FermiHubbard2D_cylinder_0_0_1.in |                          792 |                           838 |                            850 |                      792 |                       799 |                        800 |                         792 |                          838 |                           845 |                          792 |                           794 |                            795 |                      792 |                       794 |                        795 |                         792 |                          847 |                           847
  result_SELECT_4_FermiHubbard2D_cylinder_0_0_2.in |                          408 |                           419 |                            420 |                      408 |                       420 |                        423 |                         408 |                          471 |                           476 |                          408 |                           423 |                            429 |                      408 |                       417 |                        415 |                         408 |                          450 |                           461
  result_SELECT_4_FermiHubbard2D_cylinder_0_0_3.in |                          204 |                           233 |                            239 |                      204 |                       245 |                        252 |                         204 |                          307 |                           315 |                          204 |                           220 |                            221 |                      204 |                       237 |                        238 |                         204 |                          281 |                           295
  result_SELECT_4_FermiHubbard2D_cylinder_0_0_4.in |                          130 |                           155 |                            157 |                      130 |                       161 |                        162 |                         130 |                          226 |                           232 |                          130 |                           149 |                            150 |                      130 |                       154 |                        156 |                         130 |                          201 |                           205
result_SELECT_4_Heisenberg2D_cylinder_0.5_0.5_0.in |                          936 |                           948 |                            946 |                      936 |                       939 |                        944 |                         936 |                          942 |                           941 |                          936 |                           943 |                            944 |                      936 |                       938 |                        939 |                         936 |                          940 |                           942
result_SELECT_4_Heisenberg2D_cylinder_0.5_0.5_1.in |                          468 |                           479 |                            478 |                      468 |                       481 |                        482 |                         468 |                          483 |                           489 |                          468 |                           474 |                            475 |                      468 |                       476 |                        477 |                         468 |                          479 |                           480
result_SELECT_4_Heisenberg2D_cylinder_0.5_0.5_2.in |                          237 |                           255 |                            257 |                      237 |                       254 |                        256 |                         237 |                          296 |                           306 |                          237 |                           258 |                            266 |                      237 |                       250 |                        251 |                         237 |                          260 |                           261
result_SELECT_4_Heisenberg2D_cylinder_0.5_0.5_3.in |                          120 |                           176 |                            191 |                      120 |                       163 |                        168 |                         120 |                          243 |                           252 |                          120 |                           138 |                            141 |                      120 |                       136 |                        137 |                         120 |                          178 |                           183
result_SELECT_4_Heisenberg2D_cylinder_0.5_0.5_4.in |                           78 |                           128 |                            131 |                       87 |                       117 |                        120 |                          87 |                          194 |                           204 |                           60 |                            90 |                             91 |                       60 |                        93 |                         95 |                          60 |                          156 |                           160
result_SELECT_4_Heisenberg2D_cylinder_0.5_0.5_5.in |                           57 |                           109 |                            109 |                       84 |                       107 |                        110 |                          84 |                          224 |                           229 |                           33 |                            79 |                             79 |                       57 |                        81 |                         84 |                          57 |                          146 |                           148
result_SELECT_4_Heisenberg2D_cylinder_0.5_0.5_6.in |                           48 |                           107 |                            110 |                       87 |                       111 |                        117 |                          87 |                          237 |                           242 |                           45 |                            80 |                             83 |                       63 |                        75 |                         77 |                          63 |                          179 |                           183
  result_SELECT_4_Heisenberg2D_cylinder_1_0.5_0.in |                         3744 |                          3745 |                           3746 |                     3744 |                      3749 |                       3751 |                        3744 |                         3750 |                          3750 |                         3744 |                          3745 |                           3745 |                     3744 |                      3750 |                       3749 |                        3744 |                         3748 |                          3749
  result_SELECT_4_Heisenberg2D_cylinder_1_0.5_1.in |                         1872 |                          1886 |                           1885 |                     1872 |                      1885 |                       1886 |                        1872 |                         1893 |                          1898 |                         1872 |                          1883 |                           1883 |                     1872 |                      1880 |                       1877 |                        1872 |                         1886 |                          1885
  result_SELECT_4_Heisenberg2D_cylinder_1_0.5_2.in |                          936 |                           960 |                            961 |                      936 |                       957 |                        958 |                         936 |                         1027 |                          1047 |                          936 |                           946 |                            948 |                      936 |                       947 |                        948 |                         936 |                          973 |                           980
  result_SELECT_4_Heisenberg2D_cylinder_1_0.5_3.in |                          468 |                           517 |                            529 |                      468 |                       500 |                        510 |                         468 |                          739 |                           760 |                          468 |                           494 |                            491 |                      468 |                       489 |                        492 |                         468 |                          589 |                           606
  result_SELECT_4_Heisenberg2D_cylinder_1_0.5_4.in |                          237 |                           319 |                            330 |                      237 |                       315 |                        326 |                         237 |                          578 |                           594 |                          237 |                           283 |                            290 |                      237 |                       271 |                        280 |                         237 |                          491 |                           505
  result_SELECT_4_Heisenberg2D_cylinder_1_0.5_5.in |                          132 |                           238 |                            246 |                      189 |                       246 |                        257 |                         189 |                          551 |                           557 |                          120 |                           180 |                            186 |                      129 |                       183 |                        192 |                         129 |                          379 |                           390
  result_SELECT_4_Heisenberg2D_cylinder_1_0.5_6.in |                          105 |                           205 |                            211 |                      168 |                       232 |                        238 |                         168 |                          503 |                           509 |                           87 |                           150 |                            153 |                      117 |                       164 |                        170 |                         117 |                          381 |                           387
     result_SELECT_4_Z2LatticeGauge2D_PBC_0_0_0.in |                          288 |                           288 |                            288 |                      288 |                       290 |                        290 |                         288 |                          290 |                           291 |                          288 |                           289 |                            289 |                      288 |                       288 |                        288 |                         288 |                          288 |                           288
     result_SELECT_4_Z2LatticeGauge2D_PBC_0_0_1.in |                          168 |                           170 |                            171 |                      168 |                       174 |                        172 |                         168 |                          177 |                           178 |                          168 |                           170 |                            173 |                      168 |                       173 |                        173 |                         168 |                          175 |                           174
     result_SELECT_4_Z2LatticeGauge2D_PBC_0_0_2.in |                           96 |                           109 |                            107 |                       96 |                       104 |                        103 |                          96 |                          115 |                           117 |                           96 |                           100 |                            101 |                       96 |                       101 |                        102 |                          96 |                          109 |                           110
     result_SELECT_4_Z2LatticeGauge2D_PBC_0_0_3.in |                           48 |                            62 |                             64 |                       48 |                        66 |                         66 |                          48 |                           92 |                            93 |                           48 |                            58 |                             59 |                       48 |                        59 |                         59 |                          48 |                           73 |                            76
     result_SELECT_4_Z2LatticeGauge2D_PBC_0_0_4.in |                           27 |                            62 |                             65 |                       42 |                        52 |                         55 |                          42 |                           93 |                            92 |                           27 |                            44 |                             48 |                       30 |                        45 |                         46 |                          30 |                           70 |                            74
